0
4.95649e-05
8.54888e-05
0.000100194
9.45715e-05
7.58204e-05
5.28713e-05
3.24755e-05
1.77041e-05
8.60777e-06
3.74497e-06
1.46143e-06
5.12437e-07
1.61664e-07
4.59351e-08
1.1765e-08
2.71796e-09
5.66669e-10
1.06671e-10
1.81368e-11
2.78616e-12
3.86813e-13
4.85452e-14
5.50846e-15
5.65233e-16
5.24488e-17
4.40788e-18
3.28918e-19
2.38172e-20
-9.36235e-21
-1.28625e-20
1.65398e-20
1.38051e-20
-1.78089e-20
-1.60018e-20
-1.95703e-20
-1.32489e-20
-5.89592e-21
1.01784e-20
7.39659e-21
2.64439e-20
1.80191e-20
9.13435e-21
3.73964e-20
-2.37165e-21
1.65531e-20
-3.58852e-20
8.18021e-22
-7.45037e-20
-4.67252e-20
-6.67529e-21
2.02815e-20
8.56245e-20
1.15551e-19
9.52111e-22
-4.09876e-20
9.3584e-21
-2.00892e-20
-2.05624e-20
3.31877e-21
-1.86767e-20
1.92747e-20
1.14786e-21
-4.08382e-21
4.8248e-20
1.98637e-20
-1.24617e-20
-1.55023e-20
-3.63799e-20
5.36093e-20
-2.11986e-20
4.88882e-21
-1.45758e-20
1.92069e-20
1.48174e-20
-2.87334e-20
4.4042e-21
4.58326e-20
1.67003e-20
3.29591e-20
6.14799e-20
-2.10468e-20
2.29186e-20
3.03218e-20
-6.55764e-20
-2.81136e-20
-1.92189e-21
3.54493e-20
-5.2517e-20
1.03762e-19
8.79481e-21
-4.07569e-20
1.92283e-20
-6.84019e-20
7.93511e-20
-4.40809e-20
-2.28656e-20
3.47206e-22
2.2547e-20
1.1536e-20
1.9045e-20

